1260,1,20180830,1   ,1  ,1  ,1 ,1 ,1 ,1 ,
1261,1,20180830,2   ,1  ,1  ,1 ,1 ,1 ,1 ,
1262,1,20180830,3   ,1  ,1  ,1 ,1 ,1 ,1 ,
1263,1,20180830,4   ,2  ,1  ,1 ,1 ,1 ,1 ,
1264,1,20180830,5   ,2  ,1  ,1 ,1 ,1 ,1 ,
1265,1,20180830,6   ,2  ,2  ,1 ,1 ,1 ,1 ,
1266,1,20180830,7   ,3  ,2  ,1 ,1 ,1 ,1 ,
1267,1,20180830,8   ,3  ,2  ,1 ,1 ,1 ,1 ,
1268,1,20180830,9   ,3  ,2  ,1 ,1 ,1 ,1 ,
1269,1,20180830,10  ,4  ,2  ,1 ,1 ,1 ,1 ,
1270,1,20180830,11  ,4  ,3  ,2 ,1 ,1 ,1 ,
1271,1,20180830,12  ,4  ,3  ,2 ,1 ,1 ,1 ,
1272,1,20180830,13  ,5  ,3  ,2 ,1 ,1 ,1 ,
1273,1,20180830,14  ,5  ,3  ,2 ,1 ,1 ,1 ,
1274,1,20180830,15  ,5  ,3  ,2 ,1 ,1 ,1 ,
1275,1,20180830,16  ,6  ,4  ,2 ,2 ,1 ,1 ,
1276,1,20180830,17  ,6  ,4  ,2 ,2 ,1 ,1 ,
1277,1,20180830,18  ,6  ,4  ,2 ,2 ,1 ,1 ,
1278,1,20180830,19  ,7  ,4  ,2 ,2 ,1 ,1 ,
1279,1,20180830,20  ,7  ,4  ,2 ,2 ,1 ,1 ,
1280,1,20180830,21  ,7  ,5  ,3 ,2 ,1 ,1 ,
1281,1,20180830,22  ,8  ,5  ,3 ,2 ,1 ,1 ,
1282,1,20180830,23  ,8  ,5  ,3 ,2 ,1 ,1 ,
1283,1,20180830,24  ,8  ,5  ,3 ,2 ,1 ,1 ,
1284,1,20180830,25  ,9  ,5  ,3 ,2 ,1 ,1 ,
1285,1,20180830,26  ,9  ,6  ,3 ,2 ,1 ,1 ,
1286,1,20180830,27  ,9  ,6  ,3 ,2 ,1 ,1 ,
1287,1,20180830,28  ,10 ,6  ,3 ,2 ,1 ,1 ,
1288,1,20180830,29  ,10 ,6  ,3 ,2 ,1 ,1 ,
1289,1,20180830,30  ,10 ,6  ,3 ,2 ,1 ,1 ,
1290,1,20180830,31  ,11 ,7  ,4 ,3 ,2 ,1 ,
1291,1,20180830,32  ,11 ,7  ,4 ,3 ,2 ,1 ,
1292,1,20180830,33  ,11 ,7  ,4 ,3 ,2 ,1 ,
1293,1,20180830,34  ,12 ,7  ,4 ,3 ,2 ,1 ,
1294,1,20180830,35  ,12 ,7  ,4 ,3 ,2 ,1 ,
1295,1,20180830,36  ,12 ,8  ,4 ,3 ,2 ,1 ,
1296,1,20180830,37  ,13 ,8  ,4 ,3 ,2 ,1 ,
1297,1,20180830,38  ,13 ,8  ,4 ,3 ,2 ,1 ,
1298,1,20180830,39  ,13 ,8  ,4 ,3 ,2 ,1 ,
1299,1,20180830,40  ,14 ,8  ,4 ,3 ,2 ,1 ,
1300,1,20180830,41  ,14 ,9  ,5 ,3 ,2 ,1 ,
1301,1,20180830,42  ,14 ,9  ,5 ,3 ,2 ,1 ,
1302,1,20180830,43  ,15 ,9  ,5 ,3 ,2 ,1 ,
1303,1,20180830,44  ,15 ,9  ,5 ,3 ,2 ,1 ,
1304,1,20180830,45  ,15 ,9  ,5 ,3 ,2 ,1 ,
1305,1,20180830,46  ,16 ,10 ,5 ,4 ,2 ,1 ,
1306,1,20180830,47  ,16 ,10 ,5 ,4 ,2 ,1 ,
1307,1,20180830,48  ,16 ,10 ,5 ,4 ,2 ,1 ,
1308,1,20180830,49  ,17 ,10 ,5 ,4 ,2 ,1 ,
1309,1,20180830,50  ,17 ,10 ,5 ,4 ,2 ,1 ,
1310,1,20180830,51  ,17 ,11 ,6 ,4 ,2 ,1 ,
1311,1,20180830,52  ,18 ,11 ,6 ,4 ,2 ,1 ,
1312,1,20180830,53  ,18 ,11 ,6 ,4 ,2 ,1 ,
1313,1,20180830,54  ,18 ,11 ,6 ,4 ,2 ,1 ,
1314,1,20180830,55  ,19 ,11 ,6 ,4 ,2 ,1 ,
1315,1,20180830,56  ,19 ,12 ,6 ,4 ,2 ,1 ,
1316,1,20180830,57  ,19 ,12 ,6 ,4 ,2 ,1 ,
1317,1,20180830,58  ,20 ,12 ,6 ,4 ,2 ,1 ,
1318,1,20180830,59  ,20 ,12 ,6 ,4 ,2 ,1 ,
1319,1,20180830,60  ,20 ,12 ,6 ,4 ,2 ,1 ,
1320,1,20180830,61  ,21 ,13 ,7 ,5 ,3 ,2 ,
1321,1,20180830,62  ,21 ,13 ,7 ,5 ,3 ,2 ,
1322,1,20180830,63  ,21 ,13 ,7 ,5 ,3 ,2 ,
1323,1,20180830,64  ,22 ,13 ,7 ,5 ,3 ,2 ,
1324,1,20180830,65  ,22 ,13 ,7 ,5 ,3 ,2 ,
1325,1,20180830,66  ,22 ,14 ,7 ,5 ,3 ,2 ,
1326,1,20180830,67  ,23 ,14 ,7 ,5 ,3 ,2 ,
1327,1,20180830,68  ,23 ,14 ,7 ,5 ,3 ,2 ,
1328,1,20180830,69  ,23 ,14 ,7 ,5 ,3 ,2 ,
1329,1,20180830,70  ,24 ,14 ,7 ,5 ,3 ,2 ,
1330,1,20180830,71  ,24 ,15 ,8 ,5 ,3 ,2 ,
1331,1,20180830,72  ,24 ,15 ,8 ,5 ,3 ,2 ,
1332,1,20180830,73  ,25 ,15 ,8 ,5 ,3 ,2 ,
1333,1,20180830,74  ,25 ,15 ,8 ,5 ,3 ,2 ,
1334,1,20180830,75  ,25 ,15 ,8 ,5 ,3 ,2 ,
1335,1,20180830,76  ,26 ,16 ,8 ,6 ,3 ,2 ,
1336,1,20180830,77  ,26 ,16 ,8 ,6 ,3 ,2 ,
1337,1,20180830,78  ,26 ,16 ,8 ,6 ,3 ,2 ,
1338,1,20180830,79  ,27 ,16 ,8 ,6 ,3 ,2 ,
1339,1,20180830,80  ,27 ,16 ,8 ,6 ,3 ,2 ,
1340,1,20180830,81  ,27 ,17 ,9 ,6 ,3 ,2 ,
1341,1,20180830,82  ,28 ,17 ,9 ,6 ,3 ,2 ,
1342,1,20180830,83  ,28 ,17 ,9 ,6 ,3 ,2 ,
1343,1,20180830,84  ,28 ,17 ,9 ,6 ,3 ,2 ,
1344,1,20180830,85  ,29 ,17 ,9 ,6 ,3 ,2 ,
1345,1,20180830,86  ,29 ,18 ,9 ,6 ,3 ,2 ,
1346,1,20180830,87  ,29 ,18 ,9 ,6 ,3 ,2 ,
1347,1,20180830,88  ,30 ,18 ,9 ,6 ,3 ,2 ,
1348,1,20180830,89  ,30 ,18 ,9 ,6 ,3 ,2 ,
1349,1,20180830,90  ,30 ,18 ,9 ,6 ,3 ,2 ,
1350,1,20180830,91  ,31 ,19 ,10,7 ,4 ,2 ,
1351,1,20180830,92  ,31 ,19 ,10,7 ,4 ,2 ,
1352,1,20180830,93  ,31 ,19 ,10,7 ,4 ,2 ,
1353,1,20180830,94  ,32 ,19 ,10,7 ,4 ,2 ,
1354,1,20180830,95  ,32 ,19 ,10,7 ,4 ,2 ,
1355,1,20180830,96  ,32 ,20 ,10,7 ,4 ,2 ,
1356,1,20180830,97  ,33 ,20 ,10,7 ,4 ,2 ,
1357,1,20180830,98  ,33 ,20 ,10,7 ,4 ,2 ,
1358,1,20180830,99  ,33 ,20 ,10,7 ,4 ,2 ,
1359,1,20180830,100 ,34 ,20 ,10,7 ,4 ,2 ,
1360,1,20180830,101 ,34 ,21 ,11,7 ,4 ,2 ,
1361,1,20180830,102 ,34 ,21 ,11,7 ,4 ,2 ,
1362,1,20180830,103 ,35 ,21 ,11,7 ,4 ,2 ,
1363,1,20180830,104 ,35 ,21 ,11,7 ,4 ,2 ,
1364,1,20180830,105 ,35 ,21 ,11,7 ,4 ,2 ,
1365,1,20180830,106 ,36 ,22 ,11,8 ,4 ,2 ,
1366,1,20180830,107 ,36 ,22 ,11,8 ,4 ,2 ,
1367,1,20180830,108 ,36 ,22 ,11,8 ,4 ,2 ,
1368,1,20180830,109 ,37 ,22 ,11,8 ,4 ,2 ,
1369,1,20180830,110 ,37 ,22 ,11,8 ,4 ,2 ,
1370,1,20180830,111 ,37 ,23 ,12,8 ,4 ,2 ,
1371,1,20180830,112 ,38 ,23 ,12,8 ,4 ,2 ,
1372,1,20180830,113 ,38 ,23 ,12,8 ,4 ,2 ,
1373,1,20180830,114 ,38 ,23 ,12,8 ,4 ,2 ,
1374,1,20180830,115 ,39 ,23 ,12,8 ,4 ,2 ,
1375,1,20180830,116 ,39 ,24 ,12,8 ,4 ,2 ,
1376,1,20180830,117 ,39 ,24 ,12,8 ,4 ,2 ,
1377,1,20180830,118 ,40 ,24 ,12,8 ,4 ,2 ,
1378,1,20180830,119 ,40 ,24 ,12,8 ,4 ,2 ,
1379,1,20180830,120 ,40 ,24 ,12,8 ,4 ,2 ,
1380,1,20180830,121 ,41 ,25 ,13,9 ,5 ,3 ,
1381,1,20180830,122 ,41 ,25 ,13,9 ,5 ,3 ,
1382,1,20180830,123 ,41 ,25 ,13,9 ,5 ,3 ,
1383,1,20180830,124 ,42 ,25 ,13,9 ,5 ,3 ,
1384,1,20180830,125 ,42 ,25 ,13,9 ,5 ,3 ,
1385,1,20180830,126 ,42 ,26 ,13,9 ,5 ,3 ,
1386,1,20180830,127 ,43 ,26 ,13,9 ,5 ,3 ,
1387,1,20180830,128 ,43 ,26 ,13,9 ,5 ,3 ,
1388,1,20180830,129 ,43 ,26 ,13,9 ,5 ,3 ,
1389,1,20180830,130 ,44 ,26 ,13,9 ,5 ,3 ,
1390,1,20180830,131 ,44 ,27 ,14,9 ,5 ,3 ,
1391,1,20180830,132 ,44 ,27 ,14,9 ,5 ,3 ,
1392,1,20180830,133 ,45 ,27 ,14,9 ,5 ,3 ,
1393,1,20180830,134 ,45 ,27 ,14,9 ,5 ,3 ,
1394,1,20180830,135 ,45 ,27 ,14,9 ,5 ,3 ,
1395,1,20180830,136 ,46 ,28 ,14,10,5 ,3 ,
1396,1,20180830,137 ,46 ,28 ,14,10,5 ,3 ,
1397,1,20180830,138 ,46 ,28 ,14,10,5 ,3 ,
1398,1,20180830,139 ,47 ,28 ,14,10,5 ,3 ,
1399,1,20180830,140 ,47 ,28 ,14,10,5 ,3 ,
1400,1,20180830,141 ,47 ,29 ,15,10,5 ,3 ,
1401,1,20180830,142 ,48 ,29 ,15,10,5 ,3 ,
1402,1,20180830,143 ,48 ,29 ,15,10,5 ,3 ,
1403,1,20180830,144 ,48 ,29 ,15,10,5 ,3 ,
1404,1,20180830,145 ,49 ,29 ,15,10,5 ,3 ,
1405,1,20180830,146 ,49 ,30 ,15,10,5 ,3 ,
1406,1,20180830,147 ,49 ,30 ,15,10,5 ,3 ,
1407,1,20180830,148 ,50 ,30 ,15,10,5 ,3 ,
1408,1,20180830,149 ,50 ,30 ,15,10,5 ,3 ,
1409,1,20180830,150 ,50 ,30 ,15,10,5 ,3 ,
1410,1,20180830,151 ,51 ,31 ,16,11,6 ,3 ,
1411,1,20180830,152 ,51 ,31 ,16,11,6 ,3 ,
1412,1,20180830,153 ,51 ,31 ,16,11,6 ,3 ,
1413,1,20180830,154 ,52 ,31 ,16,11,6 ,3 ,
1414,1,20180830,155 ,52 ,31 ,16,11,6 ,3 ,
1415,1,20180830,156 ,52 ,32 ,16,11,6 ,3 ,
1416,1,20180830,157 ,53 ,32 ,16,11,6 ,3 ,
1417,1,20180830,158 ,53 ,32 ,16,11,6 ,3 ,
1418,1,20180830,159 ,53 ,32 ,16,11,6 ,3 ,
1419,1,20180830,160 ,54 ,32 ,16,11,6 ,3 ,
1420,1,20180830,161 ,54 ,33 ,17,11,6 ,3 ,
1421,1,20180830,162 ,54 ,33 ,17,11,6 ,3 ,
1422,1,20180830,163 ,55 ,33 ,17,11,6 ,3 ,
1423,1,20180830,164 ,55 ,33 ,17,11,6 ,3 ,
1424,1,20180830,165 ,55 ,33 ,17,11,6 ,3 ,
1425,1,20180830,166 ,56 ,34 ,17,12,6 ,3 ,
1426,1,20180830,167 ,56 ,34 ,17,12,6 ,3 ,
1427,1,20180830,168 ,56 ,34 ,17,12,6 ,3 ,
1428,1,20180830,169 ,57 ,34 ,17,12,6 ,3 ,
1429,1,20180830,170 ,57 ,34 ,17,12,6 ,3 ,
1430,1,20180830,171 ,57 ,35 ,18,12,6 ,3 ,
1431,1,20180830,172 ,58 ,35 ,18,12,6 ,3 ,
1432,1,20180830,173 ,58 ,35 ,18,12,6 ,3 ,
1433,1,20180830,174 ,58 ,35 ,18,12,6 ,3 ,
1434,1,20180830,175 ,59 ,35 ,18,12,6 ,3 ,
1435,1,20180830,176 ,59 ,36 ,18,12,6 ,3 ,
1436,1,20180830,177 ,59 ,36 ,18,12,6 ,3 ,
1437,1,20180830,178 ,60 ,36 ,18,12,6 ,3 ,
1438,1,20180830,179 ,60 ,36 ,18,12,6 ,3 ,
1439,1,20180830,180 ,60 ,36 ,18,12,6 ,3 ,
0,   1,20180831,181 ,61 ,37 ,19,13,7 ,4 ,
1,   1,20180831,182 ,61 ,37 ,19,13,7 ,4 ,
2,   1,20180831,183 ,61 ,37 ,19,13,7 ,4 ,
3,   1,20180831,184 ,62 ,37 ,19,13,7 ,4 ,
4,   1,20180831,185 ,62 ,37 ,19,13,7 ,4 ,
5,   1,20180831,186 ,62 ,38 ,19,13,7 ,4 ,
6,   1,20180831,187 ,63 ,38 ,19,13,7 ,4 ,
7,   1,20180831,188 ,63 ,38 ,19,13,7 ,4 ,
8,   1,20180831,189 ,63 ,38 ,19,13,7 ,4 ,
9,   1,20180831,190 ,64 ,38 ,19,13,7 ,4 ,
10,  1,20180831,191 ,64 ,39 ,20,13,7 ,4 ,
11,  1,20180831,192 ,64 ,39 ,20,13,7 ,4 ,
12,  1,20180831,193 ,65 ,39 ,20,13,7 ,4 ,
13,  1,20180831,194 ,65 ,39 ,20,13,7 ,4 ,
14,  1,20180831,195 ,65 ,39 ,20,13,7 ,4 ,
15,  1,20180831,196 ,66 ,40 ,20,14,7 ,4 ,
16,  1,20180831,197 ,66 ,40 ,20,14,7 ,4 ,
17,  1,20180831,198 ,66 ,40 ,20,14,7 ,4 ,
18,  1,20180831,199 ,67 ,40 ,20,14,7 ,4 ,
19,  1,20180831,200 ,67 ,40 ,20,14,7 ,4 ,
20,  1,20180831,201 ,67 ,41 ,21,14,7 ,4 ,
21,  1,20180831,202 ,68 ,41 ,21,14,7 ,4 ,
22,  1,20180831,203 ,68 ,41 ,21,14,7 ,4 ,
23,  1,20180831,204 ,68 ,41 ,21,14,7 ,4 ,
24,  1,20180831,205 ,69 ,41 ,21,14,7 ,4 ,
25,  1,20180831,206 ,69 ,42 ,21,14,7 ,4 ,
26,  1,20180831,207 ,69 ,42 ,21,14,7 ,4 ,
27,  1,20180831,208 ,70 ,42 ,21,14,7 ,4 ,
28,  1,20180831,209 ,70 ,42 ,21,14,7 ,4 ,
29,  1,20180831,210 ,70 ,42 ,21,14,7 ,4 ,
30,  1,20180831,211 ,71 ,43 ,22,15,8 ,4 ,
31,  1,20180831,212 ,71 ,43 ,22,15,8 ,4 ,
32,  1,20180831,213 ,71 ,43 ,22,15,8 ,4 ,
33,  1,20180831,214 ,72 ,43 ,22,15,8 ,4 ,
34,  1,20180831,215 ,72 ,43 ,22,15,8 ,4 ,
35,  1,20180831,216 ,72 ,44 ,22,15,8 ,4 ,
36,  1,20180831,217 ,73 ,44 ,22,15,8 ,4 ,
37,  1,20180831,218 ,73 ,44 ,22,15,8 ,4 ,
38,  1,20180831,219 ,73 ,44 ,22,15,8 ,4 ,
39,  1,20180831,220 ,74 ,44 ,22,15,8 ,4 ,
40,  1,20180831,221 ,74 ,45 ,23,15,8 ,4 ,
41,  1,20180831,222 ,74 ,45 ,23,15,8 ,4 ,
42,  1,20180831,223 ,75 ,45 ,23,15,8 ,4 ,
43,  1,20180831,224 ,75 ,45 ,23,15,8 ,4 ,
44,  1,20180831,225 ,75 ,45 ,23,15,8 ,4 ,
45,  1,20180831,226 ,76 ,46 ,23,16,8 ,4 ,
46,  1,20180831,227 ,76 ,46 ,23,16,8 ,4 ,
47,  1,20180831,228 ,76 ,46 ,23,16,8 ,4 ,
48,  1,20180831,229 ,77 ,46 ,23,16,8 ,4 ,
49,  1,20180831,230 ,77 ,46 ,23,16,8 ,4 ,
50,  1,20180831,231 ,77 ,47 ,24,16,8 ,4 ,
51,  1,20180831,232 ,78 ,47 ,24,16,8 ,4 ,
52,  1,20180831,233 ,78 ,47 ,24,16,8 ,4 ,
53,  1,20180831,234 ,78 ,47 ,24,16,8 ,4 ,
54,  1,20180831,235 ,79 ,47 ,24,16,8 ,4 ,
55,  1,20180831,236 ,79 ,48 ,24,16,8 ,4 ,
56,  1,20180831,237 ,79 ,48 ,24,16,8 ,4 ,
57,  1,20180831,238 ,80 ,48 ,24,16,8 ,4 ,
58,  1,20180831,239 ,80 ,48 ,24,16,8 ,4 ,
59,  1,20180831,240 ,80 ,48 ,24,16,8 ,4 ,
60,  1,20180831,241 ,81 ,49 ,25,17,9 ,5 ,
61,  1,20180831,242 ,81 ,49 ,25,17,9 ,5 ,
62,  1,20180831,243 ,81 ,49 ,25,17,9 ,5 ,
63,  1,20180831,244 ,82 ,49 ,25,17,9 ,5 ,
64,  1,20180831,245 ,82 ,49 ,25,17,9 ,5 ,
65,  1,20180831,246 ,82 ,50 ,25,17,9 ,5 ,
66,  1,20180831,247 ,83 ,50 ,25,17,9 ,5 ,
67,  1,20180831,248 ,83 ,50 ,25,17,9 ,5 ,
68,  1,20180831,249 ,83 ,50 ,25,17,9 ,5 ,
69,  1,20180831,250 ,84 ,50 ,25,17,9 ,5 ,
70,  1,20180831,251 ,84 ,51 ,26,17,9 ,5 ,
71,  1,20180831,252 ,84 ,51 ,26,17,9 ,5 ,
72,  1,20180831,253 ,85 ,51 ,26,17,9 ,5 ,
73,  1,20180831,254 ,85 ,51 ,26,17,9 ,5 ,
74,  1,20180831,255 ,85 ,51 ,26,17,9 ,5 ,
75,  1,20180831,256 ,86 ,52 ,26,18,9 ,5 ,
76,  1,20180831,257 ,86 ,52 ,26,18,9 ,5 ,
77,  1,20180831,258 ,86 ,52 ,26,18,9 ,5 ,
78,  1,20180831,259 ,87 ,52 ,26,18,9 ,5 ,
79,  1,20180831,260 ,87 ,52 ,26,18,9 ,5 ,
80,  1,20180831,261 ,87 ,53 ,27,18,9 ,5 ,
81,  1,20180831,262 ,88 ,53 ,27,18,9 ,5 ,
82,  1,20180831,263 ,88 ,53 ,27,18,9 ,5 ,
83,  1,20180831,264 ,88 ,53 ,27,18,9 ,5 ,
84,  1,20180831,265 ,89 ,53 ,27,18,9 ,5 ,
85,  1,20180831,266 ,89 ,54 ,27,18,9 ,5 ,
86,  1,20180831,267 ,89 ,54 ,27,18,9 ,5 ,
87,  1,20180831,268 ,90 ,54 ,27,18,9 ,5 ,
88,  1,20180831,269 ,90 ,54 ,27,18,9 ,5 ,
89,  1,20180831,270 ,90 ,54 ,27,18,9 ,5 ,
90,  1,20180831,271 ,91 ,55 ,28,19,10,5 ,
91,  1,20180831,272 ,91 ,55 ,28,19,10,5 ,
92,  1,20180831,273 ,91 ,55 ,28,19,10,5 ,
93,  1,20180831,274 ,92 ,55 ,28,19,10,5 ,
94,  1,20180831,275 ,92 ,55 ,28,19,10,5 ,
95,  1,20180831,276 ,92 ,56 ,28,19,10,5 ,
96,  1,20180831,277 ,93 ,56 ,28,19,10,5 ,
97,  1,20180831,278 ,93 ,56 ,28,19,10,5 ,
98,  1,20180831,279 ,93 ,56 ,28,19,10,5 ,
99,  1,20180831,280 ,94 ,56 ,28,19,10,5 ,
100, 1,20180831,281 ,94 ,57 ,29,19,10,5 ,
101, 1,20180831,282 ,94 ,57 ,29,19,10,5 ,
102, 1,20180831,283 ,95 ,57 ,29,19,10,5 ,
103, 1,20180831,284 ,95 ,57 ,29,19,10,5 ,
104, 1,20180831,285 ,95 ,57 ,29,19,10,5 ,
105, 1,20180831,286 ,96 ,58 ,29,20,10,5 ,
106, 1,20180831,287 ,96 ,58 ,29,20,10,5 ,
107, 1,20180831,288 ,96 ,58 ,29,20,10,5 ,
108, 1,20180831,289 ,97 ,58 ,29,20,10,5 ,
109, 1,20180831,290 ,97 ,58 ,29,20,10,5 ,
110, 1,20180831,291 ,97 ,59 ,30,20,10,5 ,
111, 1,20180831,292 ,98 ,59 ,30,20,10,5 ,
112, 1,20180831,293 ,98 ,59 ,30,20,10,5 ,
113, 1,20180831,294 ,98 ,59 ,30,20,10,5 ,
114, 1,20180831,295 ,99 ,59 ,30,20,10,5 ,
115, 1,20180831,296 ,99 ,60 ,30,20,10,5 ,
116, 1,20180831,297 ,99 ,60 ,30,20,10,5 ,
117, 1,20180831,298 ,100,60 ,30,20,10,5 ,
118, 1,20180831,299 ,100,60 ,30,20,10,5 ,
119, 1,20180831,300 ,100,60 ,30,20,10,5 ,
120, 1,20180831,301 ,101,61 ,31,21,11,6 ,
121, 1,20180831,302 ,101,61 ,31,21,11,6 ,
122, 1,20180831,303 ,101,61 ,31,21,11,6 ,
123, 1,20180831,304 ,102,61 ,31,21,11,6 ,
124, 1,20180831,305 ,102,61 ,31,21,11,6 ,
125, 1,20180831,306 ,102,62 ,31,21,11,6 ,
126, 1,20180831,307 ,103,62 ,31,21,11,6 ,
127, 1,20180831,308 ,103,62 ,31,21,11,6 ,
128, 1,20180831,309 ,103,62 ,31,21,11,6 ,
129, 1,20180831,310 ,104,62 ,31,21,11,6 ,
130, 1,20180831,311 ,104,63 ,32,21,11,6 ,
131, 1,20180831,312 ,104,63 ,32,21,11,6 ,
132, 1,20180831,313 ,105,63 ,32,21,11,6 ,
133, 1,20180831,314 ,105,63 ,32,21,11,6 ,
134, 1,20180831,315 ,105,63 ,32,21,11,6 ,
135, 1,20180831,316 ,106,64 ,32,22,11,6 ,
136, 1,20180831,317 ,106,64 ,32,22,11,6 ,
137, 1,20180831,318 ,106,64 ,32,22,11,6 ,
138, 1,20180831,319 ,107,64 ,32,22,11,6 ,
139, 1,20180831,320 ,107,64 ,32,22,11,6 ,
140, 1,20180831,321 ,107,65 ,33,22,11,6 ,
141, 1,20180831,322 ,108,65 ,33,22,11,6 ,
142, 1,20180831,323 ,108,65 ,33,22,11,6 ,
143, 1,20180831,324 ,108,65 ,33,22,11,6 ,
144, 1,20180831,325 ,109,65 ,33,22,11,6 ,
145, 1,20180831,326 ,109,66 ,33,22,11,6 ,
146, 1,20180831,327 ,109,66 ,33,22,11,6 ,
147, 1,20180831,328 ,110,66 ,33,22,11,6 ,
148, 1,20180831,329 ,110,66 ,33,22,11,6 ,
149, 1,20180831,330 ,110,66 ,33,22,11,6 ,
150, 0,20180831,330 ,110,66 ,33,22,11,6 ,
151, 0,20180831,330 ,110,66 ,33,22,11,6 ,
152, 0,20180831,330 ,110,66 ,33,22,11,6 ,
153, 0,20180831,330 ,110,66 ,33,22,11,6 ,
154, 0,20180831,330 ,110,66 ,33,22,11,6 ,
155, 0,20180831,330 ,110,66 ,33,22,11,6 ,
156, 0,20180831,330 ,110,66 ,33,22,11,6 ,
157, 0,20180831,330 ,110,66 ,33,22,11,6 ,
158, 0,20180831,330 ,110,66 ,33,22,11,6 ,
159, 0,20180831,330 ,110,66 ,33,22,11,6 ,
160, 0,20180831,330 ,110,66 ,33,22,11,6 ,
161, 0,20180831,330 ,110,66 ,33,22,11,6 ,
162, 0,20180831,330 ,110,66 ,33,22,11,6 ,
163, 0,20180831,330 ,110,66 ,33,22,11,6 ,
164, 0,20180831,330 ,110,66 ,33,22,11,6 ,
165, 0,20180831,330 ,110,66 ,33,22,11,6 ,
166, 0,20180831,330 ,110,66 ,33,22,11,6 ,
167, 0,20180831,330 ,110,66 ,33,22,11,6 ,
168, 0,20180831,330 ,110,66 ,33,22,11,6 ,
169, 0,20180831,330 ,110,66 ,33,22,11,6 ,
170, 0,20180831,330 ,110,66 ,33,22,11,6 ,
171, 0,20180831,330 ,110,66 ,33,22,11,6 ,
172, 0,20180831,330 ,110,66 ,33,22,11,6 ,
173, 0,20180831,330 ,110,66 ,33,22,11,6 ,
174, 0,20180831,330 ,110,66 ,33,22,11,6 ,
175, 0,20180831,330 ,110,66 ,33,22,11,6 ,
176, 0,20180831,330 ,110,66 ,33,22,11,6 ,
177, 0,20180831,330 ,110,66 ,33,22,11,6 ,
178, 0,20180831,330 ,110,66 ,33,22,11,6 ,
179, 0,20180831,330 ,110,66 ,33,22,11,6 ,
180, 0,20180831,330 ,110,66 ,33,22,11,6 ,
181, 0,20180831,330 ,110,66 ,33,22,11,6 ,
182, 0,20180831,330 ,110,66 ,33,22,11,6 ,
183, 0,20180831,330 ,110,66 ,33,22,11,6 ,
184, 0,20180831,330 ,110,66 ,33,22,11,6 ,
185, 0,20180831,330 ,110,66 ,33,22,11,6 ,
186, 0,20180831,330 ,110,66 ,33,22,11,6 ,
187, 0,20180831,330 ,110,66 ,33,22,11,6 ,
188, 0,20180831,330 ,110,66 ,33,22,11,6 ,
189, 0,20180831,330 ,110,66 ,33,22,11,6 ,
190, 0,20180831,330 ,110,66 ,33,22,11,6 ,
191, 0,20180831,330 ,110,66 ,33,22,11,6 ,
192, 0,20180831,330 ,110,66 ,33,22,11,6 ,
193, 0,20180831,330 ,110,66 ,33,22,11,6 ,
194, 0,20180831,330 ,110,66 ,33,22,11,6 ,
195, 0,20180831,330 ,110,66 ,33,22,11,6 ,
196, 0,20180831,330 ,110,66 ,33,22,11,6 ,
197, 0,20180831,330 ,110,66 ,33,22,11,6 ,
198, 0,20180831,330 ,110,66 ,33,22,11,6 ,
199, 0,20180831,330 ,110,66 ,33,22,11,6 ,
200, 0,20180831,330 ,110,66 ,33,22,11,6 ,
201, 0,20180831,330 ,110,66 ,33,22,11,6 ,
202, 0,20180831,330 ,110,66 ,33,22,11,6 ,
203, 0,20180831,330 ,110,66 ,33,22,11,6 ,
204, 0,20180831,330 ,110,66 ,33,22,11,6 ,
205, 0,20180831,330 ,110,66 ,33,22,11,6 ,
206, 0,20180831,330 ,110,66 ,33,22,11,6 ,
207, 0,20180831,330 ,110,66 ,33,22,11,6 ,
208, 0,20180831,330 ,110,66 ,33,22,11,6 ,
209, 0,20180831,330 ,110,66 ,33,22,11,6 ,
210, 0,20180831,330 ,110,66 ,33,22,11,6 ,
211, 0,20180831,330 ,110,66 ,33,22,11,6 ,
212, 0,20180831,330 ,110,66 ,33,22,11,6 ,
213, 0,20180831,330 ,110,66 ,33,22,11,6 ,
214, 0,20180831,330 ,110,66 ,33,22,11,6 ,
215, 0,20180831,330 ,110,66 ,33,22,11,6 ,
216, 0,20180831,330 ,110,66 ,33,22,11,6 ,
217, 0,20180831,330 ,110,66 ,33,22,11,6 ,
218, 0,20180831,330 ,110,66 ,33,22,11,6 ,
219, 0,20180831,330 ,110,66 ,33,22,11,6 ,
220, 0,20180831,330 ,110,66 ,33,22,11,6 ,
221, 0,20180831,330 ,110,66 ,33,22,11,6 ,
222, 0,20180831,330 ,110,66 ,33,22,11,6 ,
223, 0,20180831,330 ,110,66 ,33,22,11,6 ,
224, 0,20180831,330 ,110,66 ,33,22,11,6 ,
225, 0,20180831,330 ,110,66 ,33,22,11,6 ,
226, 0,20180831,330 ,110,66 ,33,22,11,6 ,
227, 0,20180831,330 ,110,66 ,33,22,11,6 ,
228, 0,20180831,330 ,110,66 ,33,22,11,6 ,
229, 0,20180831,330 ,110,66 ,33,22,11,6 ,
230, 0,20180831,330 ,110,66 ,33,22,11,6 ,
231, 0,20180831,330 ,110,66 ,33,22,11,6 ,
232, 0,20180831,330 ,110,66 ,33,22,11,6 ,
233, 0,20180831,330 ,110,66 ,33,22,11,6 ,
234, 0,20180831,330 ,110,66 ,33,22,11,6 ,
235, 0,20180831,330 ,110,66 ,33,22,11,6 ,
236, 0,20180831,330 ,110,66 ,33,22,11,6 ,
237, 0,20180831,330 ,110,66 ,33,22,11,6 ,
238, 0,20180831,330 ,110,66 ,33,22,11,6 ,
239, 0,20180831,330 ,110,66 ,33,22,11,6 ,
240, 0,20180831,330 ,110,66 ,33,22,11,6 ,
241, 0,20180831,330 ,110,66 ,33,22,11,6 ,
242, 0,20180831,330 ,110,66 ,33,22,11,6 ,
243, 0,20180831,330 ,110,66 ,33,22,11,6 ,
244, 0,20180831,330 ,110,66 ,33,22,11,6 ,
245, 0,20180831,330 ,110,66 ,33,22,11,6 ,
246, 0,20180831,330 ,110,66 ,33,22,11,6 ,
247, 0,20180831,330 ,110,66 ,33,22,11,6 ,
248, 0,20180831,330 ,110,66 ,33,22,11,6 ,
249, 0,20180831,330 ,110,66 ,33,22,11,6 ,
250, 0,20180831,330 ,110,66 ,33,22,11,6 ,
251, 0,20180831,330 ,110,66 ,33,22,11,6 ,
252, 0,20180831,330 ,110,66 ,33,22,11,6 ,
253, 0,20180831,330 ,110,66 ,33,22,11,6 ,
254, 0,20180831,330 ,110,66 ,33,22,11,6 ,
255, 0,20180831,330 ,110,66 ,33,22,11,6 ,
256, 0,20180831,330 ,110,66 ,33,22,11,6 ,
257, 0,20180831,330 ,110,66 ,33,22,11,6 ,
258, 0,20180831,330 ,110,66 ,33,22,11,6 ,
259, 0,20180831,330 ,110,66 ,33,22,11,6 ,
260, 0,20180831,330 ,110,66 ,33,22,11,6 ,
261, 0,20180831,330 ,110,66 ,33,22,11,6 ,
262, 0,20180831,330 ,110,66 ,33,22,11,6 ,
263, 0,20180831,330 ,110,66 ,33,22,11,6 ,
264, 0,20180831,330 ,110,66 ,33,22,11,6 ,
265, 0,20180831,330 ,110,66 ,33,22,11,6 ,
266, 0,20180831,330 ,110,66 ,33,22,11,6 ,
267, 0,20180831,330 ,110,66 ,33,22,11,6 ,
268, 0,20180831,330 ,110,66 ,33,22,11,6 ,
269, 0,20180831,330 ,110,66 ,33,22,11,6 ,
270, 0,20180831,330 ,110,66 ,33,22,11,6 ,
271, 0,20180831,330 ,110,66 ,33,22,11,6 ,
272, 0,20180831,330 ,110,66 ,33,22,11,6 ,
273, 0,20180831,330 ,110,66 ,33,22,11,6 ,
274, 0,20180831,330 ,110,66 ,33,22,11,6 ,
275, 0,20180831,330 ,110,66 ,33,22,11,6 ,
276, 0,20180831,330 ,110,66 ,33,22,11,6 ,
277, 0,20180831,330 ,110,66 ,33,22,11,6 ,
278, 0,20180831,330 ,110,66 ,33,22,11,6 ,
279, 0,20180831,330 ,110,66 ,33,22,11,6 ,
280, 0,20180831,330 ,110,66 ,33,22,11,6 ,
281, 0,20180831,330 ,110,66 ,33,22,11,6 ,
282, 0,20180831,330 ,110,66 ,33,22,11,6 ,
283, 0,20180831,330 ,110,66 ,33,22,11,6 ,
284, 0,20180831,330 ,110,66 ,33,22,11,6 ,
285, 0,20180831,330 ,110,66 ,33,22,11,6 ,
286, 0,20180831,330 ,110,66 ,33,22,11,6 ,
287, 0,20180831,330 ,110,66 ,33,22,11,6 ,
288, 0,20180831,330 ,110,66 ,33,22,11,6 ,
289, 0,20180831,330 ,110,66 ,33,22,11,6 ,
290, 0,20180831,330 ,110,66 ,33,22,11,6 ,
291, 0,20180831,330 ,110,66 ,33,22,11,6 ,
292, 0,20180831,330 ,110,66 ,33,22,11,6 ,
293, 0,20180831,330 ,110,66 ,33,22,11,6 ,
294, 0,20180831,330 ,110,66 ,33,22,11,6 ,
295, 0,20180831,330 ,110,66 ,33,22,11,6 ,
296, 0,20180831,330 ,110,66 ,33,22,11,6 ,
297, 0,20180831,330 ,110,66 ,33,22,11,6 ,
298, 0,20180831,330 ,110,66 ,33,22,11,6 ,
299, 0,20180831,330 ,110,66 ,33,22,11,6 ,
300, 0,20180831,330 ,110,66 ,33,22,11,6 ,
301, 0,20180831,330 ,110,66 ,33,22,11,6 ,
302, 0,20180831,330 ,110,66 ,33,22,11,6 ,
303, 0,20180831,330 ,110,66 ,33,22,11,6 ,
304, 0,20180831,330 ,110,66 ,33,22,11,6 ,
305, 0,20180831,330 ,110,66 ,33,22,11,6 ,
306, 0,20180831,330 ,110,66 ,33,22,11,6 ,
307, 0,20180831,330 ,110,66 ,33,22,11,6 ,
308, 0,20180831,330 ,110,66 ,33,22,11,6 ,
309, 0,20180831,330 ,110,66 ,33,22,11,6 ,
310, 0,20180831,330 ,110,66 ,33,22,11,6 ,
311, 0,20180831,330 ,110,66 ,33,22,11,6 ,
312, 0,20180831,330 ,110,66 ,33,22,11,6 ,
313, 0,20180831,330 ,110,66 ,33,22,11,6 ,
314, 0,20180831,330 ,110,66 ,33,22,11,6 ,
315, 0,20180831,330 ,110,66 ,33,22,11,6 ,
316, 0,20180831,330 ,110,66 ,33,22,11,6 ,
317, 0,20180831,330 ,110,66 ,33,22,11,6 ,
318, 0,20180831,330 ,110,66 ,33,22,11,6 ,
319, 0,20180831,330 ,110,66 ,33,22,11,6 ,
320, 0,20180831,330 ,110,66 ,33,22,11,6 ,
321, 0,20180831,330 ,110,66 ,33,22,11,6 ,
322, 0,20180831,330 ,110,66 ,33,22,11,6 ,
323, 0,20180831,330 ,110,66 ,33,22,11,6 ,
324, 0,20180831,330 ,110,66 ,33,22,11,6 ,
325, 0,20180831,330 ,110,66 ,33,22,11,6 ,
326, 0,20180831,330 ,110,66 ,33,22,11,6 ,
327, 0,20180831,330 ,110,66 ,33,22,11,6 ,
328, 0,20180831,330 ,110,66 ,33,22,11,6 ,
329, 0,20180831,330 ,110,66 ,33,22,11,6 ,
330, 0,20180831,330 ,110,66 ,33,22,11,6 ,
331, 0,20180831,330 ,110,66 ,33,22,11,6 ,
332, 0,20180831,330 ,110,66 ,33,22,11,6 ,
333, 0,20180831,330 ,110,66 ,33,22,11,6 ,
334, 0,20180831,330 ,110,66 ,33,22,11,6 ,
335, 0,20180831,330 ,110,66 ,33,22,11,6 ,
336, 0,20180831,330 ,110,66 ,33,22,11,6 ,
337, 0,20180831,330 ,110,66 ,33,22,11,6 ,
338, 0,20180831,330 ,110,66 ,33,22,11,6 ,
339, 0,20180831,330 ,110,66 ,33,22,11,6 ,
340, 0,20180831,330 ,110,66 ,33,22,11,6 ,
341, 0,20180831,330 ,110,66 ,33,22,11,6 ,
342, 0,20180831,330 ,110,66 ,33,22,11,6 ,
343, 0,20180831,330 ,110,66 ,33,22,11,6 ,
344, 0,20180831,330 ,110,66 ,33,22,11,6 ,
345, 0,20180831,330 ,110,66 ,33,22,11,6 ,
346, 0,20180831,330 ,110,66 ,33,22,11,6 ,
347, 0,20180831,330 ,110,66 ,33,22,11,6 ,
348, 0,20180831,330 ,110,66 ,33,22,11,6 ,
349, 0,20180831,330 ,110,66 ,33,22,11,6 ,
350, 0,20180831,330 ,110,66 ,33,22,11,6 ,
351, 0,20180831,330 ,110,66 ,33,22,11,6 ,
352, 0,20180831,330 ,110,66 ,33,22,11,6 ,
353, 0,20180831,330 ,110,66 ,33,22,11,6 ,
354, 0,20180831,330 ,110,66 ,33,22,11,6 ,
355, 0,20180831,330 ,110,66 ,33,22,11,6 ,
356, 0,20180831,330 ,110,66 ,33,22,11,6 ,
357, 0,20180831,330 ,110,66 ,33,22,11,6 ,
358, 0,20180831,330 ,110,66 ,33,22,11,6 ,
359, 0,20180831,330 ,110,66 ,33,22,11,6 ,
360, 0,20180831,330 ,110,66 ,33,22,11,6 ,
361, 0,20180831,330 ,110,66 ,33,22,11,6 ,
362, 0,20180831,330 ,110,66 ,33,22,11,6 ,
363, 0,20180831,330 ,110,66 ,33,22,11,6 ,
364, 0,20180831,330 ,110,66 ,33,22,11,6 ,
365, 0,20180831,330 ,110,66 ,33,22,11,6 ,
366, 0,20180831,330 ,110,66 ,33,22,11,6 ,
367, 0,20180831,330 ,110,66 ,33,22,11,6 ,
368, 0,20180831,330 ,110,66 ,33,22,11,6 ,
369, 0,20180831,330 ,110,66 ,33,22,11,6 ,
370, 0,20180831,330 ,110,66 ,33,22,11,6 ,
371, 0,20180831,330 ,110,66 ,33,22,11,6 ,
372, 0,20180831,330 ,110,66 ,33,22,11,6 ,
373, 0,20180831,330 ,110,66 ,33,22,11,6 ,
374, 0,20180831,330 ,110,66 ,33,22,11,6 ,
375, 0,20180831,330 ,110,66 ,33,22,11,6 ,
376, 0,20180831,330 ,110,66 ,33,22,11,6 ,
377, 0,20180831,330 ,110,66 ,33,22,11,6 ,
378, 0,20180831,330 ,110,66 ,33,22,11,6 ,
379, 0,20180831,330 ,110,66 ,33,22,11,6 ,
380, 0,20180831,330 ,110,66 ,33,22,11,6 ,
381, 0,20180831,330 ,110,66 ,33,22,11,6 ,
382, 0,20180831,330 ,110,66 ,33,22,11,6 ,
383, 0,20180831,330 ,110,66 ,33,22,11,6 ,
384, 0,20180831,330 ,110,66 ,33,22,11,6 ,
385, 0,20180831,330 ,110,66 ,33,22,11,6 ,
386, 0,20180831,330 ,110,66 ,33,22,11,6 ,
387, 0,20180831,330 ,110,66 ,33,22,11,6 ,
388, 0,20180831,330 ,110,66 ,33,22,11,6 ,
389, 0,20180831,330 ,110,66 ,33,22,11,6 ,
390, 0,20180831,330 ,110,66 ,33,22,11,6 ,
391, 0,20180831,330 ,110,66 ,33,22,11,6 ,
392, 0,20180831,330 ,110,66 ,33,22,11,6 ,
393, 0,20180831,330 ,110,66 ,33,22,11,6 ,
394, 0,20180831,330 ,110,66 ,33,22,11,6 ,
395, 0,20180831,330 ,110,66 ,33,22,11,6 ,
396, 0,20180831,330 ,110,66 ,33,22,11,6 ,
397, 0,20180831,330 ,110,66 ,33,22,11,6 ,
398, 0,20180831,330 ,110,66 ,33,22,11,6 ,
399, 0,20180831,330 ,110,66 ,33,22,11,6 ,
400, 0,20180831,330 ,110,66 ,33,22,11,6 ,
401, 0,20180831,330 ,110,66 ,33,22,11,6 ,
402, 0,20180831,330 ,110,66 ,33,22,11,6 ,
403, 0,20180831,330 ,110,66 ,33,22,11,6 ,
404, 0,20180831,330 ,110,66 ,33,22,11,6 ,
405, 0,20180831,330 ,110,66 ,33,22,11,6 ,
406, 0,20180831,330 ,110,66 ,33,22,11,6 ,
407, 0,20180831,330 ,110,66 ,33,22,11,6 ,
408, 0,20180831,330 ,110,66 ,33,22,11,6 ,
409, 0,20180831,330 ,110,66 ,33,22,11,6 ,
410, 0,20180831,330 ,110,66 ,33,22,11,6 ,
411, 0,20180831,330 ,110,66 ,33,22,11,6 ,
412, 0,20180831,330 ,110,66 ,33,22,11,6 ,
413, 0,20180831,330 ,110,66 ,33,22,11,6 ,
414, 0,20180831,330 ,110,66 ,33,22,11,6 ,
415, 0,20180831,330 ,110,66 ,33,22,11,6 ,
416, 0,20180831,330 ,110,66 ,33,22,11,6 ,
417, 0,20180831,330 ,110,66 ,33,22,11,6 ,
418, 0,20180831,330 ,110,66 ,33,22,11,6 ,
419, 0,20180831,330 ,110,66 ,33,22,11,6 ,
420, 0,20180831,330 ,110,66 ,33,22,11,6 ,
421, 0,20180831,330 ,110,66 ,33,22,11,6 ,
422, 0,20180831,330 ,110,66 ,33,22,11,6 ,
423, 0,20180831,330 ,110,66 ,33,22,11,6 ,
424, 0,20180831,330 ,110,66 ,33,22,11,6 ,
425, 0,20180831,330 ,110,66 ,33,22,11,6 ,
426, 0,20180831,330 ,110,66 ,33,22,11,6 ,
427, 0,20180831,330 ,110,66 ,33,22,11,6 ,
428, 0,20180831,330 ,110,66 ,33,22,11,6 ,
429, 0,20180831,330 ,110,66 ,33,22,11,6 ,
430, 0,20180831,330 ,110,66 ,33,22,11,6 ,
431, 0,20180831,330 ,110,66 ,33,22,11,6 ,
432, 0,20180831,330 ,110,66 ,33,22,11,6 ,
433, 0,20180831,330 ,110,66 ,33,22,11,6 ,
434, 0,20180831,330 ,110,66 ,33,22,11,6 ,
435, 0,20180831,330 ,110,66 ,33,22,11,6 ,
436, 0,20180831,330 ,110,66 ,33,22,11,6 ,
437, 0,20180831,330 ,110,66 ,33,22,11,6 ,
438, 0,20180831,330 ,110,66 ,33,22,11,6 ,
439, 0,20180831,330 ,110,66 ,33,22,11,6 ,
440, 0,20180831,330 ,110,66 ,33,22,11,6 ,
441, 0,20180831,330 ,110,66 ,33,22,11,6 ,
442, 0,20180831,330 ,110,66 ,33,22,11,6 ,
443, 0,20180831,330 ,110,66 ,33,22,11,6 ,
444, 0,20180831,330 ,110,66 ,33,22,11,6 ,
445, 0,20180831,330 ,110,66 ,33,22,11,6 ,
446, 0,20180831,330 ,110,66 ,33,22,11,6 ,
447, 0,20180831,330 ,110,66 ,33,22,11,6 ,
448, 0,20180831,330 ,110,66 ,33,22,11,6 ,
449, 0,20180831,330 ,110,66 ,33,22,11,6 ,
450, 0,20180831,330 ,110,66 ,33,22,11,6 ,
451, 0,20180831,330 ,110,66 ,33,22,11,6 ,
452, 0,20180831,330 ,110,66 ,33,22,11,6 ,
453, 0,20180831,330 ,110,66 ,33,22,11,6 ,
454, 0,20180831,330 ,110,66 ,33,22,11,6 ,
455, 0,20180831,330 ,110,66 ,33,22,11,6 ,
456, 0,20180831,330 ,110,66 ,33,22,11,6 ,
457, 0,20180831,330 ,110,66 ,33,22,11,6 ,
458, 0,20180831,330 ,110,66 ,33,22,11,6 ,
459, 0,20180831,330 ,110,66 ,33,22,11,6 ,
460, 0,20180831,330 ,110,66 ,33,22,11,6 ,
461, 0,20180831,330 ,110,66 ,33,22,11,6 ,
462, 0,20180831,330 ,110,66 ,33,22,11,6 ,
463, 0,20180831,330 ,110,66 ,33,22,11,6 ,
464, 0,20180831,330 ,110,66 ,33,22,11,6 ,
465, 0,20180831,330 ,110,66 ,33,22,11,6 ,
466, 0,20180831,330 ,110,66 ,33,22,11,6 ,
467, 0,20180831,330 ,110,66 ,33,22,11,6 ,
468, 0,20180831,330 ,110,66 ,33,22,11,6 ,
469, 0,20180831,330 ,110,66 ,33,22,11,6 ,
470, 0,20180831,330 ,110,66 ,33,22,11,6 ,
471, 0,20180831,330 ,110,66 ,33,22,11,6 ,
472, 0,20180831,330 ,110,66 ,33,22,11,6 ,
473, 0,20180831,330 ,110,66 ,33,22,11,6 ,
474, 0,20180831,330 ,110,66 ,33,22,11,6 ,
475, 0,20180831,330 ,110,66 ,33,22,11,6 ,
476, 0,20180831,330 ,110,66 ,33,22,11,6 ,
477, 0,20180831,330 ,110,66 ,33,22,11,6 ,
478, 0,20180831,330 ,110,66 ,33,22,11,6 ,
479, 0,20180831,330 ,110,66 ,33,22,11,6 ,
480, 0,20180831,330 ,110,66 ,33,22,11,6 ,
481, 0,20180831,330 ,110,66 ,33,22,11,6 ,
482, 0,20180831,330 ,110,66 ,33,22,11,6 ,
483, 0,20180831,330 ,110,66 ,33,22,11,6 ,
484, 0,20180831,330 ,110,66 ,33,22,11,6 ,
485, 0,20180831,330 ,110,66 ,33,22,11,6 ,
486, 0,20180831,330 ,110,66 ,33,22,11,6 ,
487, 0,20180831,330 ,110,66 ,33,22,11,6 ,
488, 0,20180831,330 ,110,66 ,33,22,11,6 ,
489, 0,20180831,330 ,110,66 ,33,22,11,6 ,
490, 0,20180831,330 ,110,66 ,33,22,11,6 ,
491, 0,20180831,330 ,110,66 ,33,22,11,6 ,
492, 0,20180831,330 ,110,66 ,33,22,11,6 ,
493, 0,20180831,330 ,110,66 ,33,22,11,6 ,
494, 0,20180831,330 ,110,66 ,33,22,11,6 ,
495, 0,20180831,330 ,110,66 ,33,22,11,6 ,
496, 0,20180831,330 ,110,66 ,33,22,11,6 ,
497, 0,20180831,330 ,110,66 ,33,22,11,6 ,
498, 0,20180831,330 ,110,66 ,33,22,11,6 ,
499, 0,20180831,330 ,110,66 ,33,22,11,6 ,
500, 0,20180831,330 ,110,66 ,33,22,11,6 ,
501, 0,20180831,330 ,110,66 ,33,22,11,6 ,
502, 0,20180831,330 ,110,66 ,33,22,11,6 ,
503, 0,20180831,330 ,110,66 ,33,22,11,6 ,
504, 0,20180831,330 ,110,66 ,33,22,11,6 ,
505, 0,20180831,330 ,110,66 ,33,22,11,6 ,
506, 0,20180831,330 ,110,66 ,33,22,11,6 ,
507, 0,20180831,330 ,110,66 ,33,22,11,6 ,
508, 0,20180831,330 ,110,66 ,33,22,11,6 ,
509, 0,20180831,330 ,110,66 ,33,22,11,6 ,
510, 0,20180831,330 ,110,66 ,33,22,11,6 ,
511, 0,20180831,330 ,110,66 ,33,22,11,6 ,
512, 0,20180831,330 ,110,66 ,33,22,11,6 ,
513, 0,20180831,330 ,110,66 ,33,22,11,6 ,
514, 0,20180831,330 ,110,66 ,33,22,11,6 ,
515, 0,20180831,330 ,110,66 ,33,22,11,6 ,
516, 0,20180831,330 ,110,66 ,33,22,11,6 ,
517, 0,20180831,330 ,110,66 ,33,22,11,6 ,
518, 0,20180831,330 ,110,66 ,33,22,11,6 ,
519, 0,20180831,330 ,110,66 ,33,22,11,6 ,
520, 0,20180831,330 ,110,66 ,33,22,11,6 ,
521, 0,20180831,330 ,110,66 ,33,22,11,6 ,
522, 0,20180831,330 ,110,66 ,33,22,11,6 ,
523, 0,20180831,330 ,110,66 ,33,22,11,6 ,
524, 0,20180831,330 ,110,66 ,33,22,11,6 ,
525, 0,20180831,330 ,110,66 ,33,22,11,6 ,
526, 0,20180831,330 ,110,66 ,33,22,11,6 ,
527, 0,20180831,330 ,110,66 ,33,22,11,6 ,
528, 0,20180831,330 ,110,66 ,33,22,11,6 ,
529, 0,20180831,330 ,110,66 ,33,22,11,6 ,
530, 0,20180831,330 ,110,66 ,33,22,11,6 ,
531, 0,20180831,330 ,110,66 ,33,22,11,6 ,
532, 0,20180831,330 ,110,66 ,33,22,11,6 ,
533, 0,20180831,330 ,110,66 ,33,22,11,6 ,
534, 0,20180831,330 ,110,66 ,33,22,11,6 ,
535, 0,20180831,330 ,110,66 ,33,22,11,6 ,
536, 0,20180831,330 ,110,66 ,33,22,11,6 ,
537, 0,20180831,330 ,110,66 ,33,22,11,6 ,
538, 0,20180831,330 ,110,66 ,33,22,11,6 ,
539, 0,20180831,330 ,110,66 ,33,22,11,6 ,
540, 1,20180831,331 ,111,67 ,34,23,12,6 ,
541, 1,20180831,332 ,111,67 ,34,23,12,6 ,
542, 1,20180831,333 ,111,67 ,34,23,12,6 ,
543, 1,20180831,334 ,112,67 ,34,23,12,6 ,
544, 1,20180831,335 ,112,67 ,34,23,12,6 ,
545, 1,20180831,336 ,112,68 ,34,23,12,6 ,
546, 1,20180831,337 ,113,68 ,34,23,12,6 ,
547, 1,20180831,338 ,113,68 ,34,23,12,6 ,
548, 1,20180831,339 ,113,68 ,34,23,12,6 ,
549, 1,20180831,340 ,114,68 ,34,23,12,6 ,
550, 1,20180831,341 ,114,69 ,35,23,12,6 ,
551, 1,20180831,342 ,114,69 ,35,23,12,6 ,
552, 1,20180831,343 ,115,69 ,35,23,12,6 ,
553, 1,20180831,344 ,115,69 ,35,23,12,6 ,
554, 1,20180831,345 ,115,69 ,35,23,12,6 ,
555, 1,20180831,346 ,116,70 ,35,24,12,6 ,
556, 1,20180831,347 ,116,70 ,35,24,12,6 ,
557, 1,20180831,348 ,116,70 ,35,24,12,6 ,
558, 1,20180831,349 ,117,70 ,35,24,12,6 ,
559, 1,20180831,350 ,117,70 ,35,24,12,6 ,
560, 1,20180831,351 ,117,71 ,36,24,12,6 ,
561, 1,20180831,352 ,118,71 ,36,24,12,6 ,
562, 1,20180831,353 ,118,71 ,36,24,12,6 ,
563, 1,20180831,354 ,118,71 ,36,24,12,6 ,
564, 1,20180831,355 ,119,71 ,36,24,12,6 ,
565, 1,20180831,356 ,119,72 ,36,24,12,6 ,
566, 1,20180831,357 ,119,72 ,36,24,12,6 ,
567, 1,20180831,358 ,120,72 ,36,24,12,6 ,
568, 1,20180831,359 ,120,72 ,36,24,12,6 ,
569, 1,20180831,360 ,120,72 ,36,24,12,6 ,
570, 1,20180831,361 ,121,73 ,37,25,13,7 ,
571, 1,20180831,362 ,121,73 ,37,25,13,7 ,
572, 1,20180831,363 ,121,73 ,37,25,13,7 ,
573, 1,20180831,364 ,122,73 ,37,25,13,7 ,
574, 1,20180831,365 ,122,73 ,37,25,13,7 ,
575, 1,20180831,366 ,122,74 ,37,25,13,7 ,
576, 1,20180831,367 ,123,74 ,37,25,13,7 ,
577, 1,20180831,368 ,123,74 ,37,25,13,7 ,
578, 1,20180831,369 ,123,74 ,37,25,13,7 ,
579, 1,20180831,370 ,124,74 ,37,25,13,7 ,
580, 1,20180831,371 ,124,75 ,38,25,13,7 ,
581, 1,20180831,372 ,124,75 ,38,25,13,7 ,
582, 1,20180831,373 ,125,75 ,38,25,13,7 ,
583, 1,20180831,374 ,125,75 ,38,25,13,7 ,
584, 1,20180831,375 ,125,75 ,38,25,13,7 ,
585, 1,20180831,376 ,126,76 ,38,26,13,7 ,
586, 1,20180831,377 ,126,76 ,38,26,13,7 ,
587, 1,20180831,378 ,126,76 ,38,26,13,7 ,
588, 1,20180831,379 ,127,76 ,38,26,13,7 ,
589, 1,20180831,380 ,127,76 ,38,26,13,7 ,
590, 1,20180831,381 ,127,77 ,39,26,13,7 ,
591, 1,20180831,382 ,128,77 ,39,26,13,7 ,
592, 1,20180831,383 ,128,77 ,39,26,13,7 ,
593, 1,20180831,384 ,128,77 ,39,26,13,7 ,
594, 1,20180831,385 ,129,77 ,39,26,13,7 ,
595, 1,20180831,386 ,129,78 ,39,26,13,7 ,
596, 1,20180831,387 ,129,78 ,39,26,13,7 ,
597, 1,20180831,388 ,130,78 ,39,26,13,7 ,
598, 1,20180831,389 ,130,78 ,39,26,13,7 ,
599, 1,20180831,390 ,130,78 ,39,26,13,7 ,
600, 1,20180831,391 ,131,79 ,40,27,14,7 ,
601, 1,20180831,392 ,131,79 ,40,27,14,7 ,
602, 1,20180831,393 ,131,79 ,40,27,14,7 ,
603, 1,20180831,394 ,132,79 ,40,27,14,7 ,
604, 1,20180831,395 ,132,79 ,40,27,14,7 ,
605, 1,20180831,396 ,132,80 ,40,27,14,7 ,
606, 1,20180831,397 ,133,80 ,40,27,14,7 ,
607, 1,20180831,398 ,133,80 ,40,27,14,7 ,
608, 1,20180831,399 ,133,80 ,40,27,14,7 ,
609, 1,20180831,400 ,134,80 ,40,27,14,7 ,
610, 1,20180831,401 ,134,81 ,41,27,14,7 ,
611, 1,20180831,402 ,134,81 ,41,27,14,7 ,
612, 1,20180831,403 ,135,81 ,41,27,14,7 ,
613, 1,20180831,404 ,135,81 ,41,27,14,7 ,
614, 1,20180831,405 ,135,81 ,41,27,14,7 ,
615, 1,20180831,406 ,136,82 ,41,28,14,7 ,
616, 1,20180831,407 ,136,82 ,41,28,14,7 ,
617, 1,20180831,408 ,136,82 ,41,28,14,7 ,
618, 1,20180831,409 ,137,82 ,41,28,14,7 ,
619, 1,20180831,410 ,137,82 ,41,28,14,7 ,
620, 1,20180831,411 ,137,83 ,42,28,14,7 ,
621, 1,20180831,412 ,138,83 ,42,28,14,7 ,
622, 1,20180831,413 ,138,83 ,42,28,14,7 ,
623, 1,20180831,414 ,138,83 ,42,28,14,7 ,
624, 1,20180831,415 ,139,83 ,42,28,14,7 ,
625, 1,20180831,416 ,139,84 ,42,28,14,7 ,
626, 1,20180831,417 ,139,84 ,42,28,14,7 ,
627, 1,20180831,418 ,140,84 ,42,28,14,7 ,
628, 1,20180831,419 ,140,84 ,42,28,14,7 ,
629, 1,20180831,420 ,140,84 ,42,28,14,7 ,
630, 1,20180831,421 ,141,85 ,43,29,15,8 ,
631, 1,20180831,422 ,141,85 ,43,29,15,8 ,
632, 1,20180831,423 ,141,85 ,43,29,15,8 ,
633, 1,20180831,424 ,142,85 ,43,29,15,8 ,
634, 1,20180831,425 ,142,85 ,43,29,15,8 ,
635, 1,20180831,426 ,142,86 ,43,29,15,8 ,
636, 1,20180831,427 ,143,86 ,43,29,15,8 ,
637, 1,20180831,428 ,143,86 ,43,29,15,8 ,
638, 1,20180831,429 ,143,86 ,43,29,15,8 ,
639, 1,20180831,430 ,144,86 ,43,29,15,8 ,
640, 1,20180831,431 ,144,87 ,44,29,15,8 ,
641, 1,20180831,432 ,144,87 ,44,29,15,8 ,
642, 1,20180831,433 ,145,87 ,44,29,15,8 ,
643, 1,20180831,434 ,145,87 ,44,29,15,8 ,
644, 1,20180831,435 ,145,87 ,44,29,15,8 ,
645, 1,20180831,436 ,146,88 ,44,30,15,8 ,
646, 1,20180831,437 ,146,88 ,44,30,15,8 ,
647, 1,20180831,438 ,146,88 ,44,30,15,8 ,
648, 1,20180831,439 ,147,88 ,44,30,15,8 ,
649, 1,20180831,440 ,147,88 ,44,30,15,8 ,
650, 1,20180831,441 ,147,89 ,45,30,15,8 ,
651, 1,20180831,442 ,148,89 ,45,30,15,8 ,
652, 1,20180831,443 ,148,89 ,45,30,15,8 ,
653, 1,20180831,444 ,148,89 ,45,30,15,8 ,
654, 1,20180831,445 ,149,89 ,45,30,15,8 ,
655, 1,20180831,446 ,149,90 ,45,30,15,8 ,
656, 1,20180831,447 ,149,90 ,45,30,15,8 ,
657, 1,20180831,448 ,150,90 ,45,30,15,8 ,
658, 1,20180831,449 ,150,90 ,45,30,15,8 ,
659, 1,20180831,450 ,150,90 ,45,30,15,8 ,
660, 1,20180831,451 ,151,91 ,46,31,16,8 ,
661, 1,20180831,452 ,151,91 ,46,31,16,8 ,
662, 1,20180831,453 ,151,91 ,46,31,16,8 ,
663, 1,20180831,454 ,152,91 ,46,31,16,8 ,
664, 1,20180831,455 ,152,91 ,46,31,16,8 ,
665, 1,20180831,456 ,152,92 ,46,31,16,8 ,
666, 1,20180831,457 ,153,92 ,46,31,16,8 ,
667, 1,20180831,458 ,153,92 ,46,31,16,8 ,
668, 1,20180831,459 ,153,92 ,46,31,16,8 ,
669, 1,20180831,460 ,154,92 ,46,31,16,8 ,
670, 1,20180831,461 ,154,93 ,47,31,16,8 ,
671, 1,20180831,462 ,154,93 ,47,31,16,8 ,
672, 1,20180831,463 ,155,93 ,47,31,16,8 ,
673, 1,20180831,464 ,155,93 ,47,31,16,8 ,
674, 1,20180831,465 ,155,93 ,47,31,16,8 ,
675, 1,20180831,466 ,156,94 ,47,32,16,8 ,
676, 1,20180831,467 ,156,94 ,47,32,16,8 ,
677, 1,20180831,468 ,156,94 ,47,32,16,8 ,
678, 1,20180831,469 ,157,94 ,47,32,16,8 ,
679, 1,20180831,470 ,157,94 ,47,32,16,8 ,
680, 1,20180831,471 ,157,95 ,48,32,16,8 ,
681, 1,20180831,472 ,158,95 ,48,32,16,8 ,
682, 1,20180831,473 ,158,95 ,48,32,16,8 ,
683, 1,20180831,474 ,158,95 ,48,32,16,8 ,
684, 1,20180831,475 ,159,95 ,48,32,16,8 ,
685, 1,20180831,476 ,159,96 ,48,32,16,8 ,
686, 1,20180831,477 ,159,96 ,48,32,16,8 ,
687, 1,20180831,478 ,160,96 ,48,32,16,8 ,
688, 1,20180831,479 ,160,96 ,48,32,16,8 ,
689, 1,20180831,480 ,160,96 ,48,32,16,8 ,
690, 0,20180831,480 ,160,96 ,48,32,16,8 ,
691, 0,20180831,480 ,160,96 ,48,32,16,8 ,
692, 0,20180831,480 ,160,96 ,48,32,16,8 ,
693, 0,20180831,480 ,160,96 ,48,32,16,8 ,
694, 0,20180831,480 ,160,96 ,48,32,16,8 ,
695, 0,20180831,480 ,160,96 ,48,32,16,8 ,
696, 0,20180831,480 ,160,96 ,48,32,16,8 ,
697, 0,20180831,480 ,160,96 ,48,32,16,8 ,
698, 0,20180831,480 ,160,96 ,48,32,16,8 ,
699, 0,20180831,480 ,160,96 ,48,32,16,8 ,
700, 0,20180831,480 ,160,96 ,48,32,16,8 ,
701, 0,20180831,480 ,160,96 ,48,32,16,8 ,
702, 0,20180831,480 ,160,96 ,48,32,16,8 ,
703, 0,20180831,480 ,160,96 ,48,32,16,8 ,
704, 0,20180831,480 ,160,96 ,48,32,16,8 ,
705, 0,20180831,480 ,160,96 ,48,32,16,8 ,
706, 0,20180831,480 ,160,96 ,48,32,16,8 ,
707, 0,20180831,480 ,160,96 ,48,32,16,8 ,
708, 0,20180831,480 ,160,96 ,48,32,16,8 ,
709, 0,20180831,480 ,160,96 ,48,32,16,8 ,
710, 0,20180831,480 ,160,96 ,48,32,16,8 ,
711, 0,20180831,480 ,160,96 ,48,32,16,8 ,
712, 0,20180831,480 ,160,96 ,48,32,16,8 ,
713, 0,20180831,480 ,160,96 ,48,32,16,8 ,
714, 0,20180831,480 ,160,96 ,48,32,16,8 ,
715, 0,20180831,480 ,160,96 ,48,32,16,8 ,
716, 0,20180831,480 ,160,96 ,48,32,16,8 ,
717, 0,20180831,480 ,160,96 ,48,32,16,8 ,
718, 0,20180831,480 ,160,96 ,48,32,16,8 ,
719, 0,20180831,480 ,160,96 ,48,32,16,8 ,
720, 0,20180831,480 ,160,96 ,48,32,16,8 ,
721, 0,20180831,480 ,160,96 ,48,32,16,8 ,
722, 0,20180831,480 ,160,96 ,48,32,16,8 ,
723, 0,20180831,480 ,160,96 ,48,32,16,8 ,
724, 0,20180831,480 ,160,96 ,48,32,16,8 ,
725, 0,20180831,480 ,160,96 ,48,32,16,8 ,
726, 0,20180831,480 ,160,96 ,48,32,16,8 ,
727, 0,20180831,480 ,160,96 ,48,32,16,8 ,
728, 0,20180831,480 ,160,96 ,48,32,16,8 ,
729, 0,20180831,480 ,160,96 ,48,32,16,8 ,
730, 0,20180831,480 ,160,96 ,48,32,16,8 ,
731, 0,20180831,480 ,160,96 ,48,32,16,8 ,
732, 0,20180831,480 ,160,96 ,48,32,16,8 ,
733, 0,20180831,480 ,160,96 ,48,32,16,8 ,
734, 0,20180831,480 ,160,96 ,48,32,16,8 ,
735, 0,20180831,480 ,160,96 ,48,32,16,8 ,
736, 0,20180831,480 ,160,96 ,48,32,16,8 ,
737, 0,20180831,480 ,160,96 ,48,32,16,8 ,
738, 0,20180831,480 ,160,96 ,48,32,16,8 ,
739, 0,20180831,480 ,160,96 ,48,32,16,8 ,
740, 0,20180831,480 ,160,96 ,48,32,16,8 ,
741, 0,20180831,480 ,160,96 ,48,32,16,8 ,
742, 0,20180831,480 ,160,96 ,48,32,16,8 ,
743, 0,20180831,480 ,160,96 ,48,32,16,8 ,
744, 0,20180831,480 ,160,96 ,48,32,16,8 ,
745, 0,20180831,480 ,160,96 ,48,32,16,8 ,
746, 0,20180831,480 ,160,96 ,48,32,16,8 ,
747, 0,20180831,480 ,160,96 ,48,32,16,8 ,
748, 0,20180831,480 ,160,96 ,48,32,16,8 ,
749, 0,20180831,480 ,160,96 ,48,32,16,8 ,
750, 0,20180831,480 ,160,96 ,48,32,16,8 ,
751, 0,20180831,480 ,160,96 ,48,32,16,8 ,
752, 0,20180831,480 ,160,96 ,48,32,16,8 ,
753, 0,20180831,480 ,160,96 ,48,32,16,8 ,
754, 0,20180831,480 ,160,96 ,48,32,16,8 ,
755, 0,20180831,480 ,160,96 ,48,32,16,8 ,
756, 0,20180831,480 ,160,96 ,48,32,16,8 ,
757, 0,20180831,480 ,160,96 ,48,32,16,8 ,
758, 0,20180831,480 ,160,96 ,48,32,16,8 ,
759, 0,20180831,480 ,160,96 ,48,32,16,8 ,
760, 0,20180831,480 ,160,96 ,48,32,16,8 ,
761, 0,20180831,480 ,160,96 ,48,32,16,8 ,
762, 0,20180831,480 ,160,96 ,48,32,16,8 ,
763, 0,20180831,480 ,160,96 ,48,32,16,8 ,
764, 0,20180831,480 ,160,96 ,48,32,16,8 ,
765, 0,20180831,480 ,160,96 ,48,32,16,8 ,
766, 0,20180831,480 ,160,96 ,48,32,16,8 ,
767, 0,20180831,480 ,160,96 ,48,32,16,8 ,
768, 0,20180831,480 ,160,96 ,48,32,16,8 ,
769, 0,20180831,480 ,160,96 ,48,32,16,8 ,
770, 0,20180831,480 ,160,96 ,48,32,16,8 ,
771, 0,20180831,480 ,160,96 ,48,32,16,8 ,
772, 0,20180831,480 ,160,96 ,48,32,16,8 ,
773, 0,20180831,480 ,160,96 ,48,32,16,8 ,
774, 0,20180831,480 ,160,96 ,48,32,16,8 ,
775, 0,20180831,480 ,160,96 ,48,32,16,8 ,
776, 0,20180831,480 ,160,96 ,48,32,16,8 ,
777, 0,20180831,480 ,160,96 ,48,32,16,8 ,
778, 0,20180831,480 ,160,96 ,48,32,16,8 ,
779, 0,20180831,480 ,160,96 ,48,32,16,8 ,
780, 1,20180831,481 ,161,97 ,49,33,17,9 ,
781, 1,20180831,482 ,161,97 ,49,33,17,9 ,
782, 1,20180831,483 ,161,97 ,49,33,17,9 ,
783, 1,20180831,484 ,162,97 ,49,33,17,9 ,
784, 1,20180831,485 ,162,97 ,49,33,17,9 ,
785, 1,20180831,486 ,162,98 ,49,33,17,9 ,
786, 1,20180831,487 ,163,98 ,49,33,17,9 ,
787, 1,20180831,488 ,163,98 ,49,33,17,9 ,
788, 1,20180831,489 ,163,98 ,49,33,17,9 ,
789, 1,20180831,490 ,164,98 ,49,33,17,9 ,
790, 1,20180831,491 ,164,99 ,50,33,17,9 ,
791, 1,20180831,492 ,164,99 ,50,33,17,9 ,
792, 1,20180831,493 ,165,99 ,50,33,17,9 ,
793, 1,20180831,494 ,165,99 ,50,33,17,9 ,
794, 1,20180831,495 ,165,99 ,50,33,17,9 ,
795, 1,20180831,496 ,166,100,50,34,17,9 ,
796, 1,20180831,497 ,166,100,50,34,17,9 ,
797, 1,20180831,498 ,166,100,50,34,17,9 ,
798, 1,20180831,499 ,167,100,50,34,17,9 ,
799, 1,20180831,500 ,167,100,50,34,17,9 ,
800, 1,20180831,501 ,167,101,51,34,17,9 ,
801, 1,20180831,502 ,168,101,51,34,17,9 ,
802, 1,20180831,503 ,168,101,51,34,17,9 ,
803, 1,20180831,504 ,168,101,51,34,17,9 ,
804, 1,20180831,505 ,169,101,51,34,17,9 ,
805, 1,20180831,506 ,169,102,51,34,17,9 ,
806, 1,20180831,507 ,169,102,51,34,17,9 ,
807, 1,20180831,508 ,170,102,51,34,17,9 ,
808, 1,20180831,509 ,170,102,51,34,17,9 ,
809, 1,20180831,510 ,170,102,51,34,17,9 ,
810, 1,20180831,511 ,171,103,52,35,18,9 ,
811, 1,20180831,512 ,171,103,52,35,18,9 ,
812, 1,20180831,513 ,171,103,52,35,18,9 ,
813, 1,20180831,514 ,172,103,52,35,18,9 ,
814, 1,20180831,515 ,172,103,52,35,18,9 ,
815, 1,20180831,516 ,172,104,52,35,18,9 ,
816, 1,20180831,517 ,173,104,52,35,18,9 ,
817, 1,20180831,518 ,173,104,52,35,18,9 ,
818, 1,20180831,519 ,173,104,52,35,18,9 ,
819, 1,20180831,520 ,174,104,52,35,18,9 ,
820, 1,20180831,521 ,174,105,53,35,18,9 ,
821, 1,20180831,522 ,174,105,53,35,18,9 ,
822, 1,20180831,523 ,175,105,53,35,18,9 ,
823, 1,20180831,524 ,175,105,53,35,18,9 ,
824, 1,20180831,525 ,175,105,53,35,18,9 ,
825, 1,20180831,526 ,176,106,53,36,18,9 ,
826, 1,20180831,527 ,176,106,53,36,18,9 ,
827, 1,20180831,528 ,176,106,53,36,18,9 ,
828, 1,20180831,529 ,177,106,53,36,18,9 ,
829, 1,20180831,530 ,177,106,53,36,18,9 ,
830, 1,20180831,531 ,177,107,54,36,18,9 ,
831, 1,20180831,532 ,178,107,54,36,18,9 ,
832, 1,20180831,533 ,178,107,54,36,18,9 ,
833, 1,20180831,534 ,178,107,54,36,18,9 ,
834, 1,20180831,535 ,179,107,54,36,18,9 ,
835, 1,20180831,536 ,179,108,54,36,18,9 ,
836, 1,20180831,537 ,179,108,54,36,18,9 ,
837, 1,20180831,538 ,180,108,54,36,18,9 ,
838, 1,20180831,539 ,180,108,54,36,18,9 ,
839, 1,20180831,540 ,180,108,54,36,18,9 ,
840, 1,20180831,541 ,181,109,55,37,19,10,
841, 1,20180831,542 ,181,109,55,37,19,10,
842, 1,20180831,543 ,181,109,55,37,19,10,
843, 1,20180831,544 ,182,109,55,37,19,10,
844, 1,20180831,545 ,182,109,55,37,19,10,
845, 1,20180831,546 ,182,110,55,37,19,10,
846, 1,20180831,547 ,183,110,55,37,19,10,
847, 1,20180831,548 ,183,110,55,37,19,10,
848, 1,20180831,549 ,183,110,55,37,19,10,
849, 1,20180831,550 ,184,110,55,37,19,10,
850, 1,20180831,551 ,184,111,56,37,19,10,
851, 1,20180831,552 ,184,111,56,37,19,10,
852, 1,20180831,553 ,185,111,56,37,19,10,
853, 1,20180831,554 ,185,111,56,37,19,10,
854, 1,20180831,555 ,185,111,56,37,19,10,
855, 1,20180831,556 ,186,112,56,38,19,10,
856, 1,20180831,557 ,186,112,56,38,19,10,
857, 1,20180831,558 ,186,112,56,38,19,10,
858, 1,20180831,559 ,187,112,56,38,19,10,
859, 1,20180831,560 ,187,112,56,38,19,10,
860, 1,20180831,561 ,187,113,57,38,19,10,
861, 1,20180831,562 ,188,113,57,38,19,10,
862, 1,20180831,563 ,188,113,57,38,19,10,
863, 1,20180831,564 ,188,113,57,38,19,10,
864, 1,20180831,565 ,189,113,57,38,19,10,
865, 1,20180831,566 ,189,114,57,38,19,10,
866, 1,20180831,567 ,189,114,57,38,19,10,
867, 1,20180831,568 ,190,114,57,38,19,10,
868, 1,20180831,569 ,190,114,57,38,19,10,
869, 1,20180831,570 ,190,114,57,38,19,10,
870, 1,20180831,571 ,191,115,58,39,20,10,
871, 1,20180831,572 ,191,115,58,39,20,10,
872, 1,20180831,573 ,191,115,58,39,20,10,
873, 1,20180831,574 ,192,115,58,39,20,10,
874, 1,20180831,575 ,192,115,58,39,20,10,
875, 1,20180831,576 ,192,116,58,39,20,10,
876, 1,20180831,577 ,193,116,58,39,20,10,
877, 1,20180831,578 ,193,116,58,39,20,10,
878, 1,20180831,579 ,193,116,58,39,20,10,
879, 1,20180831,580 ,194,116,58,39,20,10,
880, 1,20180831,581 ,194,117,59,39,20,10,
881, 1,20180831,582 ,194,117,59,39,20,10,
882, 1,20180831,583 ,195,117,59,39,20,10,
883, 1,20180831,584 ,195,117,59,39,20,10,
884, 1,20180831,585 ,195,117,59,39,20,10,
885, 1,20180831,586 ,196,118,59,40,20,10,
886, 1,20180831,587 ,196,118,59,40,20,10,
887, 1,20180831,588 ,196,118,59,40,20,10,
888, 1,20180831,589 ,197,118,59,40,20,10,
889, 1,20180831,590 ,197,118,59,40,20,10,
890, 1,20180831,591 ,197,119,60,40,20,10,
891, 1,20180831,592 ,198,119,60,40,20,10,
892, 1,20180831,593 ,198,119,60,40,20,10,
893, 1,20180831,594 ,198,119,60,40,20,10,
894, 1,20180831,595 ,199,119,60,40,20,10,
895, 1,20180831,596 ,199,120,60,40,20,10,
896, 1,20180831,597 ,199,120,60,40,20,10,
897, 1,20180831,598 ,200,120,60,40,20,10,
898, 1,20180831,599 ,200,120,60,40,20,10,
899, 1,20180831,600 ,200,120,60,40,20,10,
900, 0,20180831,601 ,201,121,61,41,21,11,
901, 0,20180831,602 ,201,121,61,41,21,11,
902, 0,20180831,603 ,201,121,61,41,21,11,
903, 0,20180831,604 ,202,121,61,41,21,11,
904, 0,20180831,605 ,202,121,61,41,21,11,
905, 0,20180831,606 ,202,122,61,41,21,11,
906, 0,20180831,607 ,203,122,61,41,21,11,
907, 0,20180831,608 ,203,122,61,41,21,11,
908, 0,20180831,609 ,203,122,61,41,21,11,
909, 0,20180831,610 ,204,122,61,41,21,11,
910, 0,20180831,611 ,204,123,62,41,21,11,
911, 0,20180831,612 ,204,123,62,41,21,11,
912, 0,20180831,613 ,205,123,62,41,21,11,
913, 0,20180831,614 ,205,123,62,41,21,11,
914, 0,20180831,615 ,205,123,62,41,21,11,